Application Version: ${ruoyi.version}
Spring Boot Version: ${spring-boot.version}
|||||||||||||||||||||||||||||||||||||||||||||||||||||||||||||||||||||
||                   888888888888              888888              ||
||                       888                  88      88           ||
||                       888                88                     ||
||                       888                 88                    ||
||                       888                  88                   ||
||                       888                    888888             ||
||                       888                           88          ||
||                       888                             88        ||
||                       888                           88          ||
||                       888                  88      88           ||
||                       888                     888888            ||
||                                                                 ||
||                     *天水高等院校项目管理系统*                  ||
|||||||||||||||||||||||||||||||||||||||||||||||||||||||||||||||||||||
